Generation,Group,YearEBV,EBVi,EBVh
1,home,21,-0.00981819656694005,0.309064253940164
1,import,21,-0.00791578146004871,0.345178461330163
2,home,21,-0.0125298210620896,0.0622649178827324
2,import,21,-0.0147594357541575,0.0708622778427724
3,home,21,-0.0107777460104046,0.315244015809249
3,import,21,-0.0117589552317497,0.32852252123175
4,home,21,-0.0269617996289425,0.00667428342648423
4,import,21,-0.0282932700808688,0.0245034891612754
5,home,21,-0.000951151527680449,-0.0132237829771082
5,import,21,-0.00491019187428309,-0.0179575252959394
6,home,21,-0.0487313575717896,-0.0602610047518953
6,import,21,-0.0460415434487987,-0.0673489521191976
7,home,21,0.022782345747366,0.0787152266840338
7,import,21,0.0123097471861622,0.0606293039095222
8,home,21,0.0517314876646984,0.448798155013315
8,import,21,0.0511350246210806,0.444869514022909
9,home,21,-0.0330017341772005,0.346975055713789
9,import,21,-0.0253016293115398,0.356364234396442
10,home,21,-0.38919236563895,0.546097622835666
10,import,21,-0.399265196838874,0.540305674816402
11,home,21,-0.869719887068985,0.516539102046528
11,import,21,-0.86458157501454,0.503193047486332
12,home,21,-1.37131440706784,0.281115869409851
12,import,21,-1.36602153679543,0.29463007076453
13,home,21,-1.70900249318418,0.189871043388306
13,import,21,-1.7158232908828,0.202173844547567
14,home,21,-1.93736283825339,0.074908718784511
14,import,21,-1.94195376744388,0.0820255684058635
15,home,21,-1.90781788107876,0.282468803374986
15,import,21,-1.90678168248919,0.273186203664836
16,home,21,-1.48409670479886,0.693425348721738
16,import,21,-1.79831107152485,0.230948142123743
17,home,21,-0.595805389068411,1.35794181389134
17,import,21,-0.891033458918919,0.72224100980681
18,home,21,-0.000831562830254042,-0.0113057393337182
18,import,21,-0.000837064327146172,0.00852857781670533
19,home,21,0.00106207500694123,-0.128378961131421
19,import,21,0.000647492153774896,-0.13806965036012
20,home,21,0.00564570044080019,0.0794587297580833
20,import,21,0.00501682494586501,0.0870637009836443
21,home,21,-0.00340449809104599,-0.13022169201668
21,import,21,-0.00289294435179831,-0.129446159820747
1,home,22,-0.00956038390435486,0.309054673353356
1,import,22,-0.00754348294097182,0.345170275288183
2,home,22,-0.0171372927381638,0.0622588539730446
2,import,22,-0.01896588901035,0.0708504624002791
3,home,22,-0.0103473248393064,0.315244782531792
3,import,22,-0.011427505188876,0.328519269765933
4,home,22,-0.0408186776020408,0.00664657905612245
4,import,22,-0.041822933284427,0.0244608233156192
5,home,22,0.0199907416982014,-0.0131895528439617
5,import,22,0.0148657031394815,-0.0178984424133976
6,home,22,-0.0569157590615667,-0.0600501363990351
6,import,22,-0.052226344576627,-0.0671330420853744
7,home,22,0.0449855454648605,0.0783896902072479
7,import,22,0.0321854275147518,0.0602796460152725
8,home,22,0.0722939331619775,0.449072431736714
8,import,22,0.071749650826102,0.445158315454125
9,home,22,-0.0185034131126058,0.348916044435811
9,import,22,-0.00896547424627469,0.358041155393323
10,home,22,-0.323894591032728,0.563306844691801
10,import,22,-0.336137219206533,0.557949100467972
11,home,22,-0.850000970844178,0.601912668706668
11,import,22,-0.843546532432244,0.58867969867163
12,home,22,-1.36041429665195,0.372155122185177
12,import,22,-1.35420522041282,0.386776260916744
13,home,22,-1.69304122353708,0.258710282218891
13,import,22,-1.70192153152863,0.274661952031595
14,home,22,-1.93516977367454,0.158304048240524
14,import,22,-1.93688741975263,0.168874773866239
15,home,22,-1.72336518485269,0.372847297499713
15,import,22,-1.71908764670562,0.361962554707257
16,home,22,-1.32994594615249,0.7124824339493
16,import,22,-1.64545988361744,0.249774733087923
17,home,22,-0.624853440126224,1.52783437060021
17,import,22,-0.828234614333754,0.79922113363388
18,home,22,-0.753973927913759,1.50034720752991
18,import,22,-0.998819357462187,0.7088165206828
19,home,22,-0.00110911915954583,-0.0140127927742011
19,import,22,-0.00193491303651139,0.0344666377520888
20,home,22,0.000539488115455808,-0.128375430231374
20,import,22,0.000182944500926355,-0.138065422886753
21,home,22,0.00586573395557106,0.0794485511328216
21,import,22,0.00545340412808109,0.0870528069039392
22,home,22,-0.00920711257847793,-0.130215037998378
22,import,22,-0.00873102134613161,-0.129438747140049
1,home,23,-0.00842326635901583,0.309033884126141
1,import,23,-0.00652890761451931,0.345151133810739
2,home,23,-0.0189070044545559,0.0622402305909457
2,import,23,-0.0204802312861961,0.0708307281021049
3,home,23,-0.00985817156647399,0.315227377117919
3,import,23,-0.0108482991564311,0.328501675595597
4,home,23,-0.042168315994898,0.00661935051020408
4,import,23,-0.043327240430915,0.0244303847435305
5,home,23,0.0247523013723429,-0.0132168514762906
5,import,23,0.019843602312457,-0.0179132157960541
6,home,23,-0.0502831351355387,-0.060000586061337
6,import,23,-0.0452811872603219,-0.0670959236132494
7,home,23,0.0471478491073289,0.0781544583084404
7,import,23,0.0343931991380308,0.0600187675078098
8,home,23,0.0774473537582494,0.449196481698506
8,import,23,0.0762991062975819,0.445336690362143
9,home,23,-0.0118790040241215,0.349092234752406
9,import,23,-0.00219773008663509,0.358062454753379
10,home,23,-0.316124599339655,0.56291047426275
10,import,23,-0.329006628626202,0.557248505382833
11,home,23,-0.817199505209029,0.608098421724058
11,import,23,-0.81109976875189,0.595291248021403
12,home,23,-1.32950743587244,0.404613468903346
12,import,23,-1.32110366932426,0.420038518490544
13,home,23,-1.67619113661746,0.284763233466728
13,import,23,-1.68407420117668,0.301972007902195
14,home,23,-1.91914147187997,0.189268029257136
14,import,23,-1.92210200638571,0.201768320247366
15,home,23,-1.73939781588674,0.453567513415109
15,import,23,-1.73107392484282,0.444336465889915
16,home,23,-1.27538774080748,0.793738338189292
16,import,23,-1.57947050307801,0.363468435616594
17,home,23,-0.599556582547656,1.55226097624936
17,import,23,-0.793920259821354,0.819619228483607
18,home,23,-0.704725315643071,1.52908576115528
18,import,23,-0.956384890517502,0.743527692226664
19,home,23,-0.785709768645603,1.62528380173144
19,import,23,-0.708590122777136,0.722435969445087
20,home,23,-0.000208451082206035,0.0265921509222164
20,import,23,-0.122198743808382,0.237023027248749
21,home,23,0.000601036225127256,-0.128401425236002
21,import,23,0.000262213443723946,-0.138091629776517
22,home,23,0.00585637724121889,0.0794284127855315
22,import,23,0.00555160107118176,0.0870335074591108
23,home,23,-0.0101809916471678,-0.130246550419321
23,import,23,-0.00973212238232913,-0.129470700800278
1,home,24,-0.00143750099457087,0.308971431566362
1,import,24,-0.000631258370636669,0.345072320795547
2,home,24,-0.0223466493860154,0.0624621081741735
2,import,24,-0.024366121585068,0.0710575097790441
3,home,24,-0.0385338389213873,0.315178505276301
3,import,24,-0.0391326632247972,0.328476634893395
4,home,24,-0.0308835057328386,0.00658138115143785
4,import,24,-0.0315116452506932,0.0243636805464418
5,home,24,0.0292124499240832,-0.0125442695690259
5,import,24,0.0235380290731819,-0.0172658149380592
6,home,24,-0.0777625700516885,-0.0619296655938433
6,import,24,-0.0720092403463961,-0.0688736767483088
7,home,24,-0.0507933946613407,0.0759304803554475
7,import,24,-0.0653238492167072,0.0578477095105866
8,home,24,-0.220670177235151,0.445301212207943
8,import,24,-0.22164747250376,0.441552725769987
9,home,24,-0.769019262764699,0.345213453661139
9,import,24,-0.748952944625159,0.354074856491856
10,home,24,-1.35359346971782,0.561910854154042
10,import,24,-1.37032117098807,0.556230199361751
11,home,24,-1.99055056983416,0.607452757657492
11,import,24,-1.9805379455089,0.594252734529487
12,home,24,-2.50872500902765,0.402514917905437
12,import,24,-2.50441373549008,0.418745786258072
13,home,24,-2.85505244968516,0.295589022258102
13,import,24,-2.86731125593333,0.313132264678824
14,home,24,-3.08684689537436,0.204097511426065
14,import,24,-3.09100000618071,0.216462622661475
15,home,24,-2.91064014850854,0.486811227033131
15,import,24,-2.90175616383078,0.477062349853921
16,home,24,-2.34873700161006,0.779981022952922
16,import,24,-2.75109191269999,0.415595250900467
17,home,24,-1.35900064391422,1.39436750484415
17,import,24,-1.37089291042245,0.826186522170029
18,home,24,-1.50525989593843,1.39200506018819
18,import,24,-1.81045067463159,0.757582712569144
19,home,24,-1.68025686383149,1.48936555485308
19,import,24,-1.47844900373282,0.734114393550418
20,home,24,-1.62092154803441,1.72133677101763
20,import,24,-1.36406078776098,0.847364075021135
21,home,24,0.00809400784682713,0.0262576751174325
21,import,24,-0.522947413350599,0.383545884564029
22,home,24,-0.00285896594747802,-0.128375631367422
22,import,24,-0.00239405327234831,-0.138063591595646
23,home,24,-0.00195129655152361,0.0794424057687834
23,import,24,-0.00122477111379866,0.0870453981363741
24,home,24,-0.0103394805895981,-0.130223625014479
24,import,24,-0.0105138725939632,-0.12945011781774
1,home,25,-0.0133432902252512,0.308981136210003
1,import,25,-0.0119302601959875,0.345087130763076
2,home,25,-0.0300869613339477,0.0624244552609146
2,import,25,-0.0332219913955111,0.0710266727759042
3,home,25,-0.0477497674092486,0.315248046449711
3,import,25,-0.0484297182004635,0.328555303114716
4,home,25,-0.0416832772982375,0.00648464889030612
4,import,25,-0.0440889883548983,0.0242482759011091
5,home,25,7.25565954216302e-05,-0.0126437352441018
5,import,25,-0.00782780227116311,-0.0173373337978894
6,home,25,-0.118615548225362,-0.0611496954295888
6,import,25,-0.112855383136226,-0.0681072301154654
7,home,25,-0.101007714929953,0.075238533043881
7,import,25,-0.118354989540669,0.0571598769582321
8,home,25,-0.271435317405349,0.444520856768554
8,import,25,-0.271992890283466,0.440619471469397
9,home,25,-0.859838902437667,0.343838425953844
9,import,25,-0.839635621688807,0.352411500751993
10,home,25,-1.47285914246906,0.56380406461663
10,import,25,-1.48762795200162,0.557780167785243
11,home,25,-2.1714174202384,0.599140141246113
11,import,25,-2.16205060947656,0.585228438021403
12,home,25,-2.68496911398467,0.402144302144517
12,import,25,-2.68177572472094,0.418149164154751
13,home,25,-3.02274122715604,0.304989849772806
13,import,25,-3.03533878617261,0.323208448941805
14,home,25,-3.24921669692326,0.207983451415536
14,import,25,-3.25346155674645,0.219703281085662
15,home,25,-3.06084339222515,0.503457166746532
15,import,25,-3.0522854874255,0.493109671883838
16,home,25,-2.46203427345013,0.789939883519624
16,import,25,-2.86529356497381,0.435992259956109
17,home,25,-1.46020301562983,1.36136053006826
17,import,25,-1.42918984483501,0.830231491180118
18,home,25,-1.60036345154661,1.32123665918121
18,import,25,-1.73314187699114,0.764561782336863
19,home,25,-1.78217401040021,1.4146361341643
19,import,25,-1.52614231431085,0.73964245049711
20,home,25,-1.71701285828249,1.67231726622295
20,import,25,-1.39954061507621,0.853284987763546
21,home,25,-1.7115855404695,1.94620742063928
21,import,25,-1.39710360273714,0.911108514828121
22,home,25,0.00636317890643373,0.0253190925902906
22,import,25,-0.745644303143816,0.527913212229187
23,home,25,-0.00401066922720962,-0.128366243833873
23,import,25,-0.0038202540921723,-0.138053888813108
24,home,25,-0.0016451784542917,0.0794411929169574
24,import,25,-0.001183308010827,0.0870450861702373
25,home,25,-0.0107847577690258,-0.130223960699641
25,import,25,-0.0104963067873251,-0.129449631932462
1,home,26,-0.0126517286404066,0.308966269591082
1,import,26,-0.0111633669848081,0.345070727671344
2,home,26,-0.0300724470107131,0.0623792024789771
2,import,26,-0.0340458726468194,0.0709834600127922
3,home,26,-0.0535278763953757,0.315245617551445
3,import,26,-0.0543201088655852,0.32856136807416
4,home,26,-0.0315646756551484,0.00654597689239332
4,import,26,-0.0348821527703327,0.0243204199168207
5,home,26,-0.0115296006085027,-0.0126839995655221
5,import,26,-0.0192686510243175,-0.0173710124959853
6,home,26,-0.137050458505628,-0.0610314823064553
6,import,26,-0.132658825587824,-0.0679825677665034
7,home,26,-0.0902061963563737,0.075537352084057
7,import,26,-0.107102503281268,0.0575173498704154
8,home,26,-0.291782435543592,0.444187200394813
8,import,26,-0.290921336819391,0.440170062035173
9,home,26,-0.913440778986432,0.342955780587962
9,import,26,-0.892012035321705,0.351325301956798
10,home,26,-1.56475473054817,0.564123210453336
10,import,26,-1.58000514205143,0.557997182568053
11,home,26,-2.25758283825291,0.594148561764367
11,import,26,-2.24887219591951,0.580161151369082
12,home,26,-2.79470410030437,0.398570242654507
12,import,26,-2.7919906226672,0.41509726720941
13,home,26,-3.13514744837274,0.304950640858033
13,import,26,-3.14804051342665,0.322826989251946
14,home,26,-3.349681587438,0.207379997406411
14,import,26,-3.35337756709918,0.217673346481906
15,home,26,-3.14785536725324,0.512822669637739
15,import,26,-3.13930893115928,0.502076823337618
16,home,26,-2.53613665829108,0.798494175375355
16,import,26,-2.94951442139318,0.447631499018831
17,home,26,-1.50560916249485,1.35948471431479
17,import,26,-1.46573985216162,0.833716537290878
18,home,26,-1.64702120182328,1.32023895838858
18,import,26,-1.73286275605445,0.768178998165514
19,home,26,-1.82610357005582,1.22563289596103
19,import,26,-1.42301560084522,0.742629625371869
20,home,26,-1.7596953670949,1.5731598358767
20,import,26,-1.31741030337902,0.856291633992571
21,home,26,-1.76069204629009,1.8088267919105
21,import,26,-1.31322691315585,0.914258777244766
22,home,26,-1.8313077846276,1.99563783997055
22,import,26,-1.30709865303705,0.889451535232827
23,home,26,0.0104922116650285,0.117834161354433
23,import,26,-0.832857844463217,0.688059487029443
24,home,26,-0.00307950944354465,-0.128390735962517
24,import,26,-0.00297336296433534,-0.138079833949745
25,home,26,0.000396508140265178,0.0794323009897651
25,import,26,0.000845683879290486,0.087037203642018
26,home,26,-0.00775577692575003,-0.130251514919495
26,import,26,-0.00752293419451833,-0.129477416005551
1,home,27,-0.0100867223530091,0.309022198417466
1,import,27,-0.00839757623680853,0.34513321966601
2,home,27,-0.0301784674968322,0.0623999751353531
2,import,27,-0.0342910604500523,0.071005328618444
3,home,27,-0.0558348145919075,0.315285225642775
3,import,27,-0.0570759850254925,0.328599697989571
4,home,27,-0.0375589365085807,0.00654960840329313
4,import,27,-0.0403441226051294,0.0243172330383549
5,home,27,-0.00963335755898155,-0.0126393390235926
5,import,27,-0.0168732522700161,-0.017332204934618
6,home,27,-0.154299565019527,-0.0611279626073972
6,import,27,-0.150446839856543,-0.0680871177140191
7,home,27,-0.0915449348766933,0.0756714993504689
7,import,27,-0.108297264455629,0.0576610033171352
8,home,27,-0.31856406776427,0.444090915117518
8,import,27,-0.317897013958116,0.440031324837441
9,home,27,-0.949320680731764,0.342670273852488
9,import,27,-0.927432574500404,0.351141628740903
10,home,27,-1.61122446947496,0.564594337131953
10,import,27,-1.62671292219622,0.558486036482104
11,home,27,-2.29820215671888,0.5926159855672
11,import,27,-2.28971617061649,0.578674134623706
12,home,27,-2.84073137241055,0.400136747594099
12,import,27,-2.83792071141259,0.416388640778367
13,home,27,-3.17059590488756,0.305393166673971
13,import,27,-3.18350892358811,0.323414579097456
14,home,27,-3.39749828962681,0.204819244261816
14,import,27,-3.40204002891777,0.215059792368301
15,home,27,-3.18305960374871,0.511536552972601
15,import,27,-3.17512502867126,0.50140199090686
16,home,27,-2.55797416391602,0.800707617225213
16,import,27,-2.9746542206796,0.448968459927793
17,home,27,-1.51911371091705,1.35778869100206
17,import,27,-1.48224375151534,0.834328000587432
18,home,27,-1.66400186613659,1.3199475178178
18,import,27,-1.73066840776577,0.769798405409464
19,home,27,-1.84027133990837,1.22531718371143
19,import,27,-1.38435213547335,0.743796322919717
20,home,27,-1.76561459543334,1.57789216839755
20,import,27,-1.16789029983604,0.857210394898168
21,home,27,-1.7714449703165,1.84742600138021
21,import,27,-1.14626700826958,0.915596217385629
22,home,27,-1.84307061677256,2.054992031923
22,import,27,-1.17727301610754,0.891357015075894
23,home,27,-1.84868307155867,2.26150329828418
23,import,27,-1.12257802214268,0.906981474836045
24,home,27,-0.089835747464503,0.410276503802119
24,import,27,-0.790412643035116,0.815149826558436
25,home,27,-0.00349932066404442,-0.128388935573808
25,import,27,-0.00348932850509495,-0.138079155758453
26,home,27,-0.000107322036520121,0.0794656612107467
26,import,27,0.000270951849804193,0.0870717756507717
27,home,27,-0.00655297524383181,-0.130237596084791
27,import,27,-0.00623402086272696,-0.129464040512316
1,home,28,-0.0111331459535636,0.309013063324477
1,import,28,-0.00912278623216978,0.345120385492288
2,home,28,-0.0332440119778827,0.0624094066351803
2,import,28,-0.037367404898244,0.0710141060890801
3,home,28,-0.057223593049711,0.315325020117919
3,import,28,-0.058770551774044,0.328636547612978
4,home,28,-0.0425995947704082,0.00652933987128943
4,import,28,-0.0453462793126155,0.024297630400878
5,home,28,-0.0153973680495211,-0.0125740657883672
5,import,28,-0.0231885176944253,-0.0172749614670796
6,home,28,-0.16855234076499,-0.0610639182713071
6,import,28,-0.164083351460229,-0.0680248930242594
7,home,28,-0.0925673389521825,0.0756186558179924
7,import,28,-0.110230026884184,0.0576081036526669
8,home,28,-0.337158468480954,0.444134078435799
8,import,28,-0.335667803811177,0.440062306007173
9,home,28,-0.979763523343384,0.342791818105068
9,import,28,-0.957246090177891,0.351263662119672
10,home,28,-1.65767485853128,0.565353914208396
10,import,28,-1.67398159950191,0.559433054400556
11,home,28,-2.33598116561212,0.591668427612576
11,import,28,-2.32750419551937,0.577844681070141
12,home,28,-2.88031912781598,0.401740310530901
12,import,28,-2.8770778973547,0.418349120424354
13,home,28,-3.19804061423365,0.307208339249222
13,import,28,-3.21137271292717,0.325973623597398
14,home,28,-3.42534885795859,0.198335870989705
14,import,28,-3.42942898602497,0.208519022393495
15,home,28,-3.21574996850281,0.50129531403187
15,import,28,-3.20872433411009,0.489220650597172
16,home,28,-2.58236644608594,0.798875401401586
16,import,28,-3.00675364261079,0.442997051173722
17,home,28,-1.52610740747038,1.36163374964065
17,import,28,-1.4959811252396,0.830550942764817
18,home,28,-1.67194095476072,1.31726019954761
18,import,28,-1.73530243163786,0.766235435917243
19,home,28,-1.84976621257083,1.21989641634439
19,import,28,-1.37754995144894,0.741168380213231
20,home,28,-1.766797702353,1.57210692117703
20,import,28,-1.11169637779813,0.854942216348149
21,home,28,-1.7747237710721,1.58928270104695
21,import,28,-1.00954571216077,0.913001180684932
22,home,28,-1.84826556965285,1.95915031822954
22,import,28,-0.978411361241317,0.887933960310008
23,home,28,-1.85577048797094,2.16164273474166
23,import,28,-0.978815322463079,0.903639184126408
24,home,28,-1.730757355282,2.36527478720706
24,import,28,-0.888465522913601,0.963058042026487
25,home,28,-0.697418567817737,1.24966941251553
25,import,28,-0.609457407343972,0.915608741541482
26,home,28,-0.00380151046853309,-0.128361509763998
26,import,28,-0.00393278573182029,-0.138050747075035
27,home,28,-0.000305104346359619,0.0794703284356827
27,import,28,-8.72154872149275e-05,0.0870757308753743
28,home,28,-0.00612437713772733,-0.130221936345419
28,import,28,-0.00562485319879727,-0.129448279183532
1,home,29,-0.0112202942474298,0.309011755298602
1,import,29,-0.00915436024353473,0.345117596585875
2,home,29,-0.0341410849625619,0.0624191608639558
2,import,29,-0.0380783537806722,0.0710234279009187
3,home,29,-0.0588240142612717,0.315331411951445
3,import,29,-0.0605559850104287,0.328638047235226
4,home,29,-0.0368527175579777,0.00653193874884045
4,import,29,-0.0394377617097967,0.0243028581850739
5,home,29,-0.0228797116386358,-0.0124823231184303
5,import,29,-0.0305873547740307,-0.0171844934663914
6,home,29,-0.172453083140363,-0.0611252219274064
6,import,29,-0.167472088837182,-0.0680950125997201
7,home,29,-0.097343821767975,0.0756190083339122
7,import,29,-0.114940479275714,0.0576089506675923
8,home,29,-0.354311949373625,0.444211921799236
8,import,29,-0.351883404786532,0.440152708096726
9,home,29,-1.00900007638177,0.342773363181027
9,import,29,-0.986369019306919,0.351272759031997
10,home,29,-1.69857279645773,0.565526896934197
10,import,29,-1.71532598357581,0.559699753568864
11,home,29,-2.36785781714384,0.591953101891051
11,import,29,-2.35967663643248,0.577977894717925
12,home,29,-2.91837342675767,0.403082278880112
12,import,29,-2.91470784517643,0.420032805495849
13,home,29,-3.22243437202283,0.308570789338023
13,import,29,-3.23641018376002,0.327620349558601
14,home,29,-3.45533595926299,0.194627049275854
14,import,29,-3.45923285895671,0.204593176287219
15,home,29,-3.23729614060415,0.495641843850739
15,import,29,-3.23021025317868,0.483062551927077
16,home,29,-2.59918068658412,0.79578387836449
16,import,29,-3.02840840502195,0.437962797066402
17,home,29,-1.53054657225013,1.36170965583591
17,import,29,-1.49978738044346,0.828724989943253
18,home,29,-1.67732701024427,1.32288253100199
18,import,29,-1.74272912445981,0.764833986217589
19,home,29,-1.85894681417904,1.22678699614745
19,import,29,-1.36923637970456,0.739812093415543
20,home,29,-1.77161894392484,1.57010075903515
20,import,29,-1.08781893701038,0.853926001043935
21,home,29,-1.77931950544016,1.56604247950115
21,import,29,-0.945225043575859,0.911968224943138
22,home,29,-1.85366765670208,1.86453761699663
22,import,29,-0.863658634145871,0.886643009125289
23,home,29,-1.86043716102799,2.14309610761572
23,import,29,-0.796466764516896,0.902510360563204
24,home,29,-1.73387003738218,2.33549693016482
24,import,29,-0.7564271225247,0.962911357558335
25,home,29,-1.70362512652531,2.52981484243511
25,import,29,-0.613730461000211,0.980495110915982
26,home,29,-1.12372849941644,2.05976471466688
26,import,29,-0.432552679219692,1.02228425698227
27,home,29,-0.00328402488894031,-0.128361542465294
27,import,29,-0.00349529578392774,-0.138051156968504
28,home,29,0.000675208598511282,0.0794804969865085
28,import,29,0.000804423093757199,0.0870865610112877
29,home,29,-0.00574238028611143,-0.130215861546392
29,import,29,-0.00511028508500058,-0.129442160730889
1,home,30,-0.0120081822617535,0.308998621620654
1,import,30,-0.00990577912327496,0.345104276776064
2,home,30,-0.033759055897938,0.0624043963414353
2,import,30,-0.0375742907779974,0.0710077615827422
3,home,30,-0.0587259014057803,0.315339002575723
3,import,30,-0.0604464444704519,0.328641849662804
4,home,30,-0.0361560962534787,0.00650811985737477
4,import,30,-0.038725139853281,0.0242757911772181
5,home,30,-0.0216721951670171,-0.0124960602324223
5,import,30,-0.0294685367664602,-0.0172115751422345
6,home,30,-0.173321256373765,-0.0611144641247416
6,import,30,-0.16794939072195,-0.0680823186995568
7,home,30,-0.0939640158434642,0.0755548096468681
7,import,30,-0.111716020306607,0.0575420786312623
8,home,30,-0.356209003962024,0.444261954572189
8,import,30,-0.353440325227352,0.440214116333449
9,home,30,-1.01015460563841,0.342831387859214
9,import,30,-0.987305255466097,0.351351559870625
10,home,30,-1.70992588209321,0.566116204165607
10,import,30,-1.72662765390478,0.560303998095679
11,home,30,-2.37528449308995,0.592917236782218
11,import,30,-2.36765593819821,0.578848645239037
12,home,30,-2.92918384385339,0.403379053028578
12,import,30,-2.92557841534133,0.420511912023755
13,home,30,-3.22894588243686,0.311031652526814
13,import,30,-3.24312411262981,0.330401047014752
14,home,30,-3.45997231659452,0.191482800270239
14,import,30,-3.46457162129982,0.201311592076271
15,home,30,-3.2381174090932,0.488846501171615
15,import,30,-3.23138396121421,0.47527852184761
16,home,30,-2.59675330496036,0.792958060265244
16,import,30,-3.02618913958658,0.435037637247629
17,home,30,-1.52716125380603,1.35830292596986
17,import,30,-1.48713992577974,0.826460354286465
18,home,30,-1.6730963267485,1.32628011468843
18,import,30,-1.7268387169879,0.763091160784356
19,home,30,-1.85456533507214,1.23316372681517
19,import,30,-1.34884939135389,0.738724435868979
20,home,30,-1.76512116989971,1.57251399332102
20,import,30,-1.0562820013283,0.853308811812476
21,home,30,-1.76960423480193,1.55908438671033
21,import,30,-0.894386997450246,0.911214781942362
22,home,30,-1.84410956265832,1.85242537847465
22,import,30,-0.786671127453049,0.885820365589143
23,home,30,-1.849150036676,2.04802705800215
23,import,30,-0.702722554742178,0.901508394151439
24,home,30,-1.72190073060391,2.3235520873384
24,import,30,-0.568300312439563,0.962433183295144
25,home,30,-1.6919650825212,2.52769886863531
25,import,30,-0.489309147239419,0.979412108290166
26,home,30,-1.61304878294291,2.75501128918794
26,import,30,-0.370157110048498,1.03950609797786
27,home,30,-1.35377878463787,2.66582077677217
27,import,30,-0.19706443312293,1.11299278704948
28,home,30,-0.00430984471772328,-0.12836468187876
28,import,30,-0.00451259733325614,-0.138054647028717
29,home,30,0.000455871491044429,0.0794668905222145
29,import,30,0.000485680093296475,0.0870716913487676
30,home,30,-0.00639194074018302,-0.130228440216611
30,import,30,-0.00568337205273505,-0.129456943228866
1,home,31,-0.0114353135555042,0.308992123173155
1,import,31,-0.0094002275727705,0.345098367497391
2,home,31,-0.0329404900944592,0.0623994156744615
2,import,31,-0.0366907382637516,0.0710041964379579
3,home,31,-0.0596221228254335,0.315344411379191
3,import,31,-0.061288973976825,0.328646937762457
4,home,31,-0.0326229611154916,0.00650850234693877
4,import,31,-0.0353184426213031,0.0242775282185767
5,home,31,-0.0252831894685821,-0.0125318536510161
5,import,31,-0.0329435315037853,-0.017253734779766
6,home,31,-0.173445948772111,-0.0611376578623938
6,import,31,-0.168027091981572,-0.0681063219384185
7,home,31,-0.0959149154833854,0.0755295589278685
7,import,31,-0.113805600975356,0.057521936935092
8,home,31,-0.355339860373972,0.444317891538729
8,import,31,-0.352477039763971,0.440250165095453
9,home,31,-1.01014695809579,0.342817873519657
9,import,31,-0.987589587697817,0.351313398846021
10,home,31,-1.71844449057824,0.56651219322077
10,import,31,-1.73498069466813,0.560788375370092
11,home,31,-2.37919820334216,0.592742246146493
11,import,31,-2.37154278479004,0.578685420948005
12,home,31,-2.93885749069238,0.404240191892426
12,import,31,-2.93507747526522,0.421509682247463
13,home,31,-3.2354326076358,0.313120127632338
13,import,31,-3.2499072716204,0.33287805274364
14,home,31,-3.46478341602714,0.190040235186008
14,import,31,-3.46967272911704,0.199669047577874
15,home,31,-3.24439429962169,0.483693655928006
15,import,31,-3.23776579729695,0.469041203819095
16,home,31,-2.59465096930508,0.792350227361261
16,import,31,-3.02381736927651,0.434976558528954
17,home,31,-1.52645223783617,1.35600081635884
17,import,31,-1.48215291127785,0.823996246027743
18,home,31,-1.67185563552592,1.32719393488285
18,import,31,-1.71320549855445,0.761887804222126
19,home,31,-1.85226244327435,1.22841670922907
19,import,31,-1.33435851477714,0.738408677162492
20,home,31,-1.76083269014357,1.57684778160245
20,import,31,-1.03418203859869,0.852959718181119
21,home,31,-1.76399752221442,1.55241017314714
21,import,31,-0.860102191376325,0.910613666930731
22,home,31,-1.83902126983379,1.84344283509468
22,import,31,-0.737013031539748,0.884811250474659
23,home,31,-1.84271774131539,2.04129011421098
23,import,31,-0.644473185204005,0.900463242843554
24,home,31,-1.71397253130955,2.20846172053309
24,import,31,-0.471444544978978,0.9613475846605
25,home,31,-1.68428017477898,2.47912419936649
25,import,31,-0.310277169959992,0.977631355250579
26,home,31,-1.6055249466594,2.73707771963951
26,import,31,-0.266008449051133,1.03798714080021
27,home,31,-1.53258898217604,2.97586849503281
27,import,31,-0.10611065720896,1.13776411196971
28,home,31,-1.44594606638399,3.19571840380988
28,import,31,0.00229394973721055,1.10628712366182
29,home,31,-0.004166302298406,-0.13332341846812
29,import,31,0.00984336956104252,-0.106835872361683
30,home,31,0.000794537879739474,0.0794553182251686
30,import,31,0.000835794812255241,0.0870598110654227
31,home,31,-0.00555868776439245,-0.130228895271632
31,import,31,-0.00488350495316295,-0.129457015370649
1,home,32,-0.0115684912914405,0.308977195222363
1,import,32,-0.00954839833004755,0.345087823777108
2,home,32,-0.0318146211577007,0.0623745111173828
2,import,32,-0.0355747807163624,0.0709816688242819
3,home,32,-0.0607215537710983,0.315328603276301
3,import,32,-0.0623622933244496,0.328632638709154
4,home,32,-0.0305969927388683,0.00649069978200371
4,import,32,-0.0335253830348891,0.0242606574364603
5,home,32,-0.0260140999906564,-0.0125918157883672
5,import,32,-0.0334998040617114,-0.0173164275154852
6,home,32,-0.175328423949001,-0.0611614011784976
6,import,32,-0.169906282863308,-0.0681344792873805
7,home,32,-0.0943359738543476,0.0754963503901818
7,import,32,-0.1124778028902,0.0574916432130048
8,home,32,-0.35415148337733,0.444284726452472
8,import,32,-0.351319846196922,0.440216332342937
9,home,32,-1.00995263396846,0.342836842887626
9,import,32,-0.98718111214855,0.351316336252743
10,home,32,-1.72513369363826,0.56706448693651
10,import,32,-1.74156567202479,0.561339146121858
11,home,32,-2.38321149615916,0.593098883426235
11,import,32,-2.37579014208561,0.579011710407119
12,home,32,-2.94605681329345,0.404452006819238
12,import,32,-2.94191280941651,0.421650389122463
13,home,32,-3.24232921878791,0.31458849862069
13,import,32,-3.25710198892787,0.334529153607852
14,home,32,-3.46955602019069,0.190951750791998
14,import,32,-3.47469350397389,0.200794129715987
15,home,32,-3.25146440855554,0.480971337109939
15,import,32,-3.24471550683885,0.465634353066495
16,home,32,-2.59840494449349,0.792305155641578
16,import,32,-3.02783558987399,0.43638958976922
17,home,32,-1.52973162952344,1.3523122004933
17,import,32,-1.477387918905,0.822474573591845
18,home,32,-1.67561652416625,1.32308202600573
18,import,32,-1.70610697379646,0.761723791683232
19,home,32,-1.85415659748394,1.2256630232238
19,import,32,-1.32341577029672,0.738598813978163
20,home,32,-1.76367502664942,1.56933363543967
20,import,32,-1.01943523204688,0.852986196781094
21,home,32,-1.76622923561937,1.55314694405471
21,import,32,-0.838420961346601,0.910486571204446
22,home,32,-1.84125213168946,1.83372325579844
22,import,32,-0.706009856969385,0.884475352693594
23,home,32,-1.84410474103875,2.02946508297417
23,import,32,-0.604442789564456,0.90018588144806
24,home,32,-1.71495634632501,2.17974957676024
24,import,32,-0.408369992581459,0.960948384901198
25,home,32,-1.68406889565407,2.33429337085068
25,import,32,-0.222831703701832,0.976682655040008
26,home,32,-1.60569042365876,2.61587605391533
26,import,32,-0.0965953588645229,1.03724276870638
27,home,32,-1.53318853348604,2.9421879794132
27,import,32,-0.0206526504522032,1.13693900912083
28,home,32,-1.44657130969731,3.17044355903064
28,import,32,0.0970104663758751,1.10611457812924
29,home,32,-1.40882864726537,3.31751748388649
29,import,32,0.259923177769478,1.01883306725048
30,home,32,-0.0044995092608071,-0.119156970364372
30,import,32,0.0940261913592435,0.136930048780006
31,home,32,0.00239093628053036,0.0794172041765527
31,import,32,0.00227672320893803,0.0870206962024879
32,home,32,-0.00426923626433453,-0.130250038356307
32,import,32,-0.00354197441193478,-0.129476268186654
1,home,33,-0.0102209378052443,0.30890983781102
1,import,33,-0.00816525459004987,0.345019728524875
2,home,33,-0.0316647484483354,0.0623099728775487
2,import,33,-0.0355243527386905,0.0709175917188045
3,home,33,-0.0614533798705202,0.315264807823121
3,import,33,-0.0630079371529548,0.328568718099652
4,home,33,-0.0290215842706401,0.00642616799860854
4,import,33,-0.0319965887996765,0.0241967436691312
5,home,33,-0.0264830373510862,-0.0126718778626489
5,import,33,-0.0337840102741454,-0.0174000147487956
6,home,33,-0.17607421194923,-0.0612349742821043
6,import,33,-0.17079344028808,-0.0682149675542337
7,home,33,-0.0943136639620239,0.0754696335104782
7,import,33,-0.112540975741062,0.057459424481083
8,home,33,-0.352553338562001,0.444219012490448
8,import,33,-0.349936190774037,0.440134347477728
9,home,33,-1.013340931634,0.342826359120956
9,import,33,-0.990471788840245,0.351288596801432
10,home,33,-1.73291940784434,0.567489546111946
10,import,33,-1.74942789502143,0.56183171388625
11,home,33,-2.39110431844869,0.593013034723022
11,import,33,-2.38365877461789,0.578920952435733
12,home,33,-2.95502267182505,0.404433835837593
12,import,33,-2.95073696616351,0.421666941595941
13,home,33,-3.25092896651482,0.314814620493599
13,import,33,-3.26582586790684,0.33488174917412
14,home,33,-3.47679569867688,0.190637480742864
14,import,33,-3.48202352012712,0.200375017962666
15,home,33,-3.26047371842371,0.481012423146853
15,import,33,-3.25379133546687,0.465585195099918
16,home,33,-2.60529284385632,0.793415065488891
16,import,33,-3.03578979881778,0.438073769422342
17,home,33,-1.53404458441654,1.35187152875708
17,import,33,-1.47689510191677,0.822086617433796
18,home,33,-1.67926345821909,1.32272670009472
18,import,33,-1.7049336022742,0.762095263376188
19,home,33,-1.85846627238652,1.2238926813881
19,import,33,-1.31661750104817,0.739048182870906
20,home,33,-1.76729413709701,1.56247502414124
20,import,33,-1.00497920657359,0.853189784796977
21,home,33,-1.76878070682981,1.54774813811046
21,import,33,-0.820776717879297,0.910664229052727
22,home,33,-1.8438480204839,1.83038557979171
22,import,33,-0.683923005237973,0.884649868138667
23,home,33,-1.84613024769429,2.02838950797309
23,import,33,-0.576858991196496,0.900643426966208
24,home,33,-1.71659869170873,2.17740480364795
24,import,33,-0.367690009076098,0.961184275840866
25,home,33,-1.68681379868671,2.31735179312131
25,import,33,-0.167474579598863,0.976803045683302
26,home,33,-1.60858511233996,2.57448915456446
26,import,33,-0.00514366989667896,1.03762666898998
27,home,33,-1.53585155598379,2.88652537299189
27,import,33,0.150497931173625,1.13745338924072
28,home,33,-1.44948246158724,3.15352569401251
28,import,33,0.194050616394184,1.10685351127302
29,home,33,-1.4124672362701,3.29296233929795
29,import,33,0.37090648374501,1.01931477634643
30,home,33,-1.43898414515732,3.54521213212144
30,import,33,0.476464294788479,1.03408724819853
31,home,33,-0.00344302472475714,-0.135510556558728
31,import,33,0.21338442524032,0.315778604750143
32,home,33,0.00142438132937893,0.0793525466259595
32,import,33,0.00139483019695923,0.0869565100322506
33,home,33,-0.00386816120699641,-0.130314316019924
33,import,33,-0.00312311876373309,-0.129540729017
1,home,34,-0.00914108497631974,0.308957990332679
1,import,34,-0.00698926189377247,0.345063038930767
2,home,34,-0.0321707909434397,0.0623703794850824
2,import,34,-0.0361125948540528,0.0709766049889522
3,home,34,-0.061753141583815,0.315327185671676
3,import,34,-0.0631799297891078,0.32862902389803
4,home,34,-0.0271456752562616,0.00649457081516698
4,import,34,-0.0302543846926987,0.0242636964764325
5,home,34,-0.0266218656855875,-0.0125970405185704
5,import,34,-0.0338199272700161,-0.0173269514854324
6,home,34,-0.175552449929933,-0.0611424330163106
6,import,34,-0.170340913536272,-0.0681277909178913
7,home,34,-0.0935544526039134,0.0755977692393192
7,import,34,-0.111937172853176,0.0575868645620733
8,home,34,-0.351861873747829,0.444300693393539
8,import,34,-0.349492282281615,0.44021320200162
9,home,34,-1.01563556005798,0.342960244479879
9,import,34,-0.992745987638905,0.351421250605291
10,home,34,-1.7379769003666,0.567761397103042
10,import,34,-1.75473966068458,0.562142646033824
11,home,34,-2.3968769754958,0.593259744406311
11,import,34,-2.38945784708736,0.579152483040596
12,home,34,-2.96266404965613,0.404428317534851
12,import,34,-2.95828539350669,0.421682229976937
13,home,34,-3.25737593504209,0.315190052390728
13,import,34,-3.27229536060634,0.335318294886746
14,home,34,-3.48287013217595,0.190282553587974
14,import,34,-3.4880273991617,0.199903235863491
15,home,34,-3.26816715809355,0.482385012431503
15,import,34,-3.26148762291224,0.467020067558724
16,home,34,-2.61068253955075,0.794908196146618
16,import,34,-3.04051013484214,0.439456966800227
17,home,34,-1.54068007281427,1.35303482456981
17,import,34,-1.47828904457125,0.822179244932745
18,home,34,-1.68499474061316,1.32373450319541
18,import,34,-1.70371776433449,0.762568711597882
19,home,34,-1.86404259002317,1.22298931373249
19,import,34,-1.31373960922286,0.739425851699422
20,home,34,-1.77148503632007,1.55827310850628
20,import,34,-0.994516682032791,0.853340149934674
21,home,34,-1.77236132284636,1.54091785594949
21,import,34,-0.804390788060222,0.910896433734815
22,home,34,-1.84653846044393,1.82173590021986
22,import,34,-0.661039183581168,0.884936614737587
23,home,34,-1.84867448388375,2.02932298771259
23,import,34,-0.551566463558198,0.901199695188986
24,home,34,-1.71881432825779,2.16849111342647
24,import,34,-0.335023946691192,0.961523771736388
25,home,34,-1.6906306970329,2.30657262337317
25,import,34,-0.12526402466414,0.977067831838282
26,home,34,-1.61239452943682,2.55266132624118
26,import,34,0.0630495740073801,1.03801080177438
27,home,34,-1.53941210551538,2.84015144387981
27,import,34,0.246478122996109,1.13777891795457
28,home,34,-1.45295328562477,3.02497737880926
28,import,34,0.37861976325902,1.10716377275929
29,home,34,-1.41685759473778,3.24920431293116
29,import,34,0.476100053482292,1.01936961206697
30,home,34,-1.44120193893718,3.5076093119215
30,import,34,0.595676324002829,1.03417261724958
31,home,34,-1.42904767733851,3.48842213071421
31,import,34,0.684239664795721,1.02032115100915
32,home,34,-0.00359923179604262,-0.126844382491121
32,import,34,0.411881829037565,0.497536699152811
33,home,34,-0.000181293362409863,0.0794168698546174
33,import,34,-1.53526986869386e-05,0.0870196754561161
34,home,34,-0.00452093423954593,-0.130250656081316
34,import,34,-0.00382269386492425,-0.129478504750781
1,home,35,-0.00739661831581379,0.309228304785723
1,import,35,-0.00520330279948974,0.345344828128262
2,home,35,-0.031685595019007,0.062579791074761
2,import,35,-0.0356407446447261,0.0711846057053146
3,home,35,-0.0592944747248555,0.315487976872832
3,import,35,-0.0606828500254925,0.328788355977984
4,home,35,-0.0248668445790816,0.00667945010088126
4,import,35,-0.0280967128477357,0.0244462300762477
5,home,35,-0.0245641332842794,-0.0124307177832282
5,import,35,-0.0317623431119523,-0.0171623980431292
6,home,35,-0.173514269866759,-0.0610075012014702
6,import,35,-0.168201177226499,-0.0680031915512013
7,home,35,-0.0918137514507352,0.0757631712874841
7,import,35,-0.110203828637047,0.0577543942554669
8,home,35,-0.35007127990506,0.444374023503531
8,import,35,-0.347651453401597,0.440277175277103
9,home,35,-1.01614291082918,0.3430638739557
9,import,35,-0.993315115537715,0.351501362123137
10,home,35,-1.73840242472881,0.567936434193362
10,import,35,-1.75524892137843,0.562313672329434
11,home,35,-2.4003313081101,0.593122646086606
11,import,35,-2.39288315512155,0.579038572919623
12,home,35,-2.96646079084456,0.404326671324349
12,import,35,-2.96205504996771,0.421574319305812
13,home,35,-3.26097774096298,0.315464927154884
13,import,35,-3.27594371499477,0.33563345008828
14,home,35,-3.48625081742279,0.190410572662611
14,import,35,-3.49140641543633,0.200043423728814
15,home,35,-3.27386182409607,0.483262044716267
15,import,35,-3.26715900127615,0.467785107343695
16,home,35,-2.61448653491142,0.796175071725555
16,import,35,-3.04444914664449,0.44041634167351
17,home,35,-1.54383126548815,1.35471776277177
17,import,35,-1.47884521311055,0.822057941310425
18,home,35,-1.68740546180583,1.32572686887338
18,import,35,-1.70326027356634,0.762897715520743
19,home,35,-1.86736264835914,1.22305776786941
19,import,35,-1.30951853957739,0.739492581459216
20,home,35,-1.77424358231183,1.556410170835
20,import,35,-0.98699498021263,0.853271905126169
21,home,35,-1.77414181423601,1.53712670156466
21,import,35,-0.791616278747738,0.910857228742569
22,home,35,-1.84816907537345,1.81653932674311
22,import,35,-0.641767152307692,0.884963307548238
23,home,35,-1.84949353744564,2.02477069956835
23,import,35,-0.529997573354193,0.901323347614518
24,home,35,-1.71944106084342,2.16880039899176
24,import,35,-0.309937157547824,0.961449360408871
25,home,35,-1.69262876390131,2.30636394011822
25,import,35,-0.0927033896346599,0.976968477148873
26,home,35,-1.61451393266453,2.54892710889801
26,import,35,0.113490832781234,1.03788502729468
27,home,35,-1.54133972326342,2.83009942175524
27,import,35,0.311923918016616,1.137472019226
28,home,35,-1.45456058546216,3.00417339594747
28,import,35,0.47833457335595,1.10690127136887
29,home,35,-1.42078392920652,3.06177848442354
29,import,35,0.643318801134578,1.01887816111655
30,home,35,-1.44306271903609,3.47319308633589
30,import,35,0.72717430067121,1.03363571741546
31,home,35,-1.43082961232224,3.45892189379792
31,import,35,0.804462970900889,1.01973885991623
32,home,35,-1.37857107128988,3.88356396071369
32,import,35,0.92317553122291,1.09737918627838
33,home,35,-0.000746472875621891,-0.218600697779104
33,import,35,0.67994265530151,0.598670364895145
34,home,35,-0.00129904408583391,0.0796344056315422
34,import,35,-0.00103112704791523,0.0872370546786455
35,home,35,-0.00457626344723734,-0.130058539307309
35,import,35,-0.00387444352607841,-0.129285192014572
1,home,36,-0.00572573470139771,0.309241876565785
1,import,36,-0.0034753394955352,0.34536031515018
2,home,36,-0.031182224277157,0.0625804451445686
2,import,36,-0.0351423788626584,0.0711839886870566
3,home,36,-0.057012340233526,0.31548418982659
3,import,36,-0.0583516707427578,0.328784587932793
4,home,36,-0.0210938584566327,0.00667523218344155
4,import,36,-0.0243550431527264,0.0244404230198706
5,home,36,-0.0226548412485401,-0.0124277693599626
5,import,36,-0.0298743434778619,-0.0171614206205552
6,home,36,-0.170600307205376,-0.0609859101458764
6,import,36,-0.165286906382085,-0.0679857367226499
7,home,36,-0.0889731705569063,0.0758003620435336
7,import,36,-0.107437985912299,0.0577954893324077
8,home,36,-0.34661594032766,0.444387614200533
8,import,36,-0.344162751507578,0.44028394112461
9,home,36,-1.014683244045,0.343050750061464
9,import,36,-0.991852499073582,0.351482534458819
10,home,36,-1.73755161858101,0.56795342198219
10,import,36,-1.75434652214526,0.56234443231785
11,home,36,-2.40009870779109,0.593219938706668
11,import,36,-2.39260918376992,0.579199912169361
12,home,36,-2.96743879207946,0.404287428400325
12,import,36,-2.96307643120272,0.421601806424124
13,home,36,-3.26115616422212,0.315772991553454
13,import,36,-3.27610673929492,0.335965188905796
14,home,36,-3.48711466556621,0.190127726828498
14,import,36,-3.49226739301306,0.19970705067453
15,home,36,-3.27569736726929,0.483600029705377
15,import,36,-3.26908456677574,0.468130266718476
16,home,36,-2.61428185929529,0.796948699016345
16,import,36,-3.04471633175988,0.440916883877956
17,home,36,-1.54300417162416,1.35607968371329
17,import,36,-1.47760055739491,0.822146431073981
18,home,36,-1.6861173504175,1.32760922332752
18,import,36,-1.70077697438959,0.763199017188851
19,home,36,-1.86827568592312,1.22342618709215
19,import,36,-1.30563012128581,0.739710771353886
20,home,36,-1.77476701436293,1.55672218879447
20,import,36,-0.981130127126937,0.853491014013065
21,home,36,-1.77377489940788,1.5355900512576
21,import,36,-0.782378994866891,0.911119277364952
22,home,36,-1.84734638178414,1.81228079535767
22,import,36,-0.628119778743247,0.885263346198868
23,home,36,-1.84607681929494,2.01836185739935
23,import,36,-0.515388402020025,0.901654585948686
24,home,36,-1.716573210846,2.16447887991115
24,import,36,-0.288799432188354,0.961733170366828
25,home,36,-1.69039822279748,2.30419106962863
25,import,36,-0.063683348780796,0.977260408431249
26,home,36,-1.6120202341347,2.54805913603464
26,import,36,0.146143967497101,1.03817979296468
27,home,36,-1.53886498629777,2.82315767165616
27,import,36,0.361313424815438,1.13778292152592
28,home,36,-1.45277375937961,2.98865137663915
28,import,36,0.538787827876144,1.10726543567151
29,home,36,-1.42056208001366,3.02965758922333
29,import,36,0.731095143587894,1.01919460453574
30,home,36,-1.44183339048406,3.36568821698516
30,import,36,0.885444085637135,1.03399995680597
31,home,36,-1.428321066764,3.42082980968701
31,import,36,0.943657126696739,1.02009577315762
32,home,36,-1.37635463950987,3.8520797690974
32,import,36,1.02987608064112,1.09774718585784
33,home,36,-1.39745680663495,3.90401108798984
33,import,36,1.14850779927042,0.959665547457669
34,home,36,-0.0709551524269866,0.162348180842201
34,import,36,0.930182414236959,0.764051273107362
35,home,36,-0.00218120860548965,0.0796198390265178
35,import,36,-0.00180462116908546,0.0872195635947938
36,home,36,-0.0045119760060234,-0.130054221167613
36,import,36,-0.00381250015149763,-0.12928094261131
1,home,37,-0.00517698343999076,0.309083361313388
1,import,37,-0.00290671356488461,0.345191099168503
2,home,37,-0.0324113873804861,0.0624614899965442
2,import,37,-0.0363754867077567,0.0710646517257821
3,home,37,-0.0565722078381503,0.315366492569942
3,import,37,-0.0578966887068366,0.328668048444959
4,home,37,-0.0203699999246289,0.00656650733186456
4,import,37,-0.0236668722654806,0.0243336185917283
5,home,37,-0.0225892591800981,-0.0125347797886008
5,import,37,-0.029826197335398,-0.0172637334778619
6,home,37,-0.169991547725706,-0.0610904688100161
6,import,37,-0.164708386358759,-0.0680912477536739
7,home,37,-0.0872772210281348,0.0756505499525298
7,import,37,-0.105929719986116,0.0576385425616105
8,home,37,-0.344620096432789,0.444291494653236
8,import,37,-0.34210222805623,0.440185437586486
9,home,37,-1.01362822135104,0.343006699989563
9,import,37,-0.990825728849486,0.35143746986947
10,home,37,-1.73666197909564,0.567797716106164
10,import,37,-1.75351398577088,0.562194259066373
11,home,37,-2.39908908311068,0.593336913845445
11,import,37,-2.39159084500756,0.579363694570199
12,home,37,-2.96764632605135,0.404163119939591
12,import,37,-2.96332595061808,0.421495121283441
13,home,37,-3.26121266096298,0.315977837468573
13,import,37,-3.27611780435126,0.336214161956092
14,home,37,-3.48735147543519,0.189846488068554
14,import,37,-3.49242239596312,0.199398541962895
15,home,37,-3.27592414525278,0.483453443626046
15,import,37,-3.26926121154143,0.467955957802968
16,home,37,-2.61447904189097,0.796839017943623
16,import,37,-3.04545482015008,0.440829594553306
17,home,37,-1.54227155352782,1.35632716467671
17,import,37,-1.47648845345418,0.822178359273855
18,home,37,-1.68527220121137,1.32862305779163
18,import,37,-1.69934021543107,0.763329939164866
19,home,37,-1.8680613673049,1.22336903871511
19,import,37,-1.30282054370584,0.739883042706487
20,home,37,-1.77478770527077,1.55808091846194
20,import,37,-0.976599846152171,0.8536924608518
21,home,37,-1.77325541773528,1.53728947216621
21,import,37,-0.77443035985526,0.911364223591367
22,home,37,-1.84628907613086,1.80759270771828
22,import,37,-0.617140502523797,0.885530255291999
23,home,37,-1.84445741794295,2.0164635510775
23,import,37,-0.505013410576971,0.90185926790363
24,home,37,-1.71388789972444,2.15699256954932
24,import,37,-0.273251611257095,0.961947417065377
25,home,37,-1.68823514509766,2.30177205088666
25,import,37,-0.0463286514097705,0.977538550281112
26,home,37,-1.61003336488775,2.54918346121873
26,import,37,0.170508732653664,1.0384626358893
27,home,37,-1.53712304175138,2.82239173537254
27,import,37,0.398167494777579,1.13809870912083
28,home,37,-1.4509583583177,2.98270544947592
28,import,37,0.581279531139472,1.10769162180398
29,home,37,-1.42056176918655,3.01864737866316
29,import,37,0.786578267481004,1.01967835997811
30,home,37,-1.44163296442913,3.3380039231369
30,import,37,0.971072599637392,1.03446013620033
31,home,37,-1.42754075462767,3.28157712694255
31,import,37,1.06187581881815,1.02056969824462
32,home,37,-1.37654201161419,3.82462962677897
32,import,37,1.16913393315273,1.09823945032766
33,home,37,-1.39800380773681,3.88230579122729
33,import,37,1.23699890154009,0.96019300157744
34,home,37,-1.35387351779222,4.01641817841272
34,import,37,1.37044487191337,1.05064798850189
35,home,37,-0.556429630482133,1.67248392031386
35,import,37,1.16708247112001,0.837761955561671
36,home,37,-0.00306725014305652,0.079550683212375
36,import,37,-0.00256723099285879,0.0871584023243492
37,home,37,-0.00515485867137727,-0.130175422542569
37,import,37,-0.00448324662888863,-0.129403473822135
1,home,38,-0.00311979750606446,0.308948404011782
1,import,38,-0.000845891453090571,0.345049289271715
2,home,38,-0.031579451816611,0.0623627148657989
2,import,38,-0.0355586809675544,0.0709669618827771
3,home,38,-0.0547383354624277,0.315305934513295
3,import,38,-0.0560438636141367,0.328608278776362
4,home,38,-0.0183523713845083,0.0065018333453154
4,import,38,-0.0216817236252311,0.0242709426259242
5,home,38,-0.0189934063653352,-0.0125827009250175
5,import,38,-0.0262912353716449,-0.0173105549495297
6,home,38,-0.166129291548357,-0.0611092327590168
6,import,38,-0.160882836284115,-0.0681036287730347
7,home,38,-0.0814493641368531,0.0756300127683223
7,import,38,-0.100326012025917,0.0576225597408307
8,home,38,-0.337507445247192,0.444292074726178
8,import,38,-0.334992157034594,0.440188599708435
9,home,38,-1.00685776637829,0.343018977854575
9,import,38,-0.984096889193716,0.351460304835393
10,home,38,-1.72922268244362,0.567772142602059
10,import,38,-1.74605936594811,0.56216849740183
11,home,38,-2.39222313253138,0.593397037186456
11,import,38,-2.38471032543329,0.579442395532162
12,home,38,-2.96110443959108,0.404261203192379
12,import,38,-2.95672778997694,0.42160642605166
13,home,38,-3.25434766727136,0.316103218222812
13,import,38,-3.26918486626089,0.336355856220235
14,home,38,-3.48046261227422,0.189649150292466
14,import,38,-3.48546622183692,0.199107166653688
15,home,38,-3.26926878874126,0.483486430176545
15,import,38,-3.26264082511511,0.468015220093491
16,home,38,-2.60784710516688,0.796989359507683
16,import,38,-3.0392496329251,0.441153386381141
17,home,38,-1.5357847226069,1.35659537028465
17,import,38,-1.46891967557587,0.822326394974779
18,home,38,-1.67875411672109,1.32937737793245
18,import,38,-1.69143458405467,0.763422104776361
19,home,38,-1.86132973827593,1.22368083580937
19,import,38,-1.29395405472704,0.740030734377649
20,home,38,-1.76833455400507,1.55912617721735
20,import,38,-0.967744371282183,0.853895873828615
21,home,38,-1.76629440075246,1.53900850622092
21,import,38,-0.762845442309382,0.911567810151202
22,home,38,-1.83890507132758,1.80512532334631
22,import,38,-0.603199660452791,0.885722286219449
23,home,38,-1.83749612424543,2.01446730427879
23,import,38,-0.489118042418023,0.901984386811014
24,home,38,-1.70643087377543,2.15303652572882
24,import,38,-0.254923177837923,0.962125059960059
25,home,38,-1.68192837646749,2.29429131058982
25,import,38,-0.0217919057706886,0.977749594822068
26,home,38,-1.60429627343425,2.54005992050802
26,import,38,0.200248610034792,1.03867812739273
27,home,38,-1.53178117487067,2.81352754615365
27,import,38,0.432103389015669,1.13838525386686
28,home,38,-1.44582681827267,2.98089921441151
28,import,38,0.621835251214863,1.10799896838772
29,home,38,-1.41653414281135,3.00836858903941
29,import,38,0.836740849125563,1.02002121764198
30,home,38,-1.43759568214143,3.32303370615595
30,import,38,1.03683912841327,1.03475203713771
31,home,38,-1.42348535835206,3.24704839702867
31,import,38,1.15504072371697,1.02086825113417
32,home,38,-1.37353776469983,3.66012819644521
32,import,38,1.28750512488132,1.09855539226909
33,home,38,-1.39523582353374,3.83647180886894
33,import,38,1.42042917893551,0.960516877486305
34,home,38,-1.35286790763903,3.96048395071704
34,import,38,1.49289908019554,1.05097697368902
35,home,38,-1.34525698406347,4.19195806801342
35,import,38,1.60296426118703,1.05455556327666
36,home,38,-0.88563213097944,2.85523799312288
36,import,38,1.48144314469783,0.916000398412141
37,home,38,-0.00261922790416376,0.0794589098988137
37,import,38,-0.00198929282193043,0.0870672292444137
38,home,38,-0.00452711966407969,-0.130269246585196
38,import,38,-0.00385086387995837,-0.129499127469643
1,home,39,-0.00327678822224789,0.30892027086173
1,import,39,-0.0010610939313464,0.345024860462716
2,home,39,-0.0317820298145375,0.0623349887328649
2,import,39,-0.0357642892975927,0.0709420332236307
3,home,39,-0.0540950468439306,0.31530878392948
3,import,39,-0.0553880504090382,0.328610017450753
4,home,39,-0.0166494758777829,0.00648210159902598
4,import,39,-0.0199799920540665,0.0242508390122458
5,home,39,-0.0163734733987386,-0.0126188564482598
5,import,39,-0.0236315675223675,-0.0173540152512044
6,home,39,-0.162241686989433,-0.0611089772226051
6,import,39,-0.157004709040121,-0.0681034422101703
7,home,39,-0.076081558724094,0.07564591483617
7,import,39,-0.0951046442369548,0.0576432226923522
8,home,39,-0.331743122491606,0.444302496572884
8,import,39,-0.329174641550388,0.44020305798681
9,home,39,-1.00112197976574,0.343018956703004
9,import,39,-0.97840479373224,0.351456793627123
10,home,39,-1.72259501687522,0.567748349185845
10,import,39,-1.73947373104251,0.562144656588671
11,home,39,-2.38517552660947,0.593387475642059
11,import,39,-2.37769238490287,0.579447006389438
12,home,39,-2.95502797891496,0.404366846754182
12,import,39,-2.95066164666744,0.421708893221863
13,home,39,-3.24837713869681,0.3161952331392
13,import,39,-3.26311823337321,0.336430519055639
14,home,39,-3.47475476950047,0.189644598951802
14,import,39,-3.47968703028859,0.19907666760765
15,home,39,-3.26390375928006,0.483397501890405
15,import,39,-3.25724979296132,0.467907609724202
16,home,39,-2.60279874677792,0.797081703028286
16,import,39,-3.03454318991647,0.441233675802067
17,home,39,-1.53104552861154,1.35684601133823
17,import,39,-1.46232940062842,0.822327060788146
18,home,39,-1.67397280856057,1.32965866181456
18,import,39,-1.68561338888397,0.763392714947061
19,home,39,-1.85691960348394,1.22341035870879
19,import,39,-1.28695225442389,0.740091650874759
20,home,39,-1.76393092584926,1.55945390037897
20,import,39,-0.959813503273985,0.853959264908416
21,home,39,-1.76199276621882,1.53986427132677
21,import,39,-0.75387382741923,0.911595510896873
22,home,39,-1.83468572999053,1.8039891009089
22,import,39,-0.59264344182017,0.885720199197324
23,home,39,-1.83271587785576,2.01391502074919
23,import,39,-0.477323785705882,0.901945838380476
24,home,39,-1.70072103360803,2.15081158543137
24,import,39,-0.240310228015556,0.962140040886063
25,home,39,-1.67625148840658,2.2923296127615
25,import,39,-0.00440233355127395,0.977762885731733
26,home,39,-1.59877939964208,2.53663884440154
26,import,39,0.223325088469162,1.03875681843332
27,home,39,-1.52722892898083,2.80956655906447
27,import,39,0.459032848992533,1.13854913872331
28,home,39,-1.44282208594872,2.97787621106442
28,import,39,0.656124736254173,1.10812816588261
29,home,39,-1.41497325256437,3.00789269875145
29,import,39,0.874203755839021,1.02017861781198
30,home,39,-1.43731138652952,3.31961133301273
30,import,39,1.08643002358364,1.03488476654365
31,home,39,-1.42296520501943,3.23659491593635
31,import,39,1.21768110602655,1.02096013295399
32,home,39,-1.37321250479324,3.62821090966835
32,import,39,1.37210457596878,1.09861810610681
33,home,39,-1.39359967168361,3.74444176100346
33,import,39,1.51900528616036,0.960602644550548
34,home,39,-1.35225060531668,3.93976278691426
34,import,39,1.69106468529121,1.05106197900757
35,home,39,-1.34504619018576,4.18310463476264
35,import,39,1.71528790142842,1.05463301155122
36,home,39,-1.32305403374439,4.37739439361093
36,import,39,1.86335088039844,1.08085242301465
37,home,39,-1.14688430999715,3.90226029175826
37,import,39,1.80289309719286,0.976616394967824
38,home,39,-0.00333488613165853,0.0793956797429635
38,import,39,-0.0026044028173232,0.086998598900023
39,home,39,-0.00550911448164022,-0.130294301882312
39,import,39,-0.00494127854631664,-0.129525354755406
1,home,40,-0.00541535591082361,0.308992996602749
1,import,40,-0.00328598043024469,0.345110482370405
2,home,40,-0.0333736368125792,0.0623770504388895
2,import,40,-0.037370790768694,0.0709866297732294
3,home,40,-0.0549992042080925,0.31533706306474
3,import,40,-0.0562533155214369,0.328642964220162
4,home,40,-0.0157171736514378,0.00648847317254174
4,import,40,-0.0189980636980129,0.0242572647204251
5,home,40,-0.0150715058934828,-0.0126271288869423
5,import,40,-0.0223256935076852,-0.0173644900160587
6,home,40,-0.159069252553411,-0.0611102764208592
6,import,40,-0.153850086793795,-0.0681048801108001
7,home,40,-0.07290088317124,0.0756434876461734
7,import,40,-0.0919690106826333,0.0576428028971422
8,home,40,-0.327286232704643,0.444227778021304
8,import,40,-0.324690355468009,0.440122699039685
9,home,40,-0.996275321295373,0.342961463412965
9,import,40,-0.973587544886219,0.351385651458935
10,home,40,-1.71730375164797,0.567706923091245
10,import,40,-1.73420121167149,0.562104540392679
11,home,40,-2.37910043418519,0.593291360781988
11,import,40,-2.37168072939397,0.579346136720949
12,home,40,-2.95037047039266,0.404402055945632
12,import,40,-2.94592128273639,0.421730356508303
13,home,40,-3.24341628143928,0.31626598493138
13,import,40,-3.25807344703218,0.336511462320827
14,home,40,-3.4701043193402,0.189716349865466
14,import,40,-3.47503373565506,0.199143930759276
15,home,40,-3.25966362898888,0.483364778956781
15,import,40,-3.25300992053991,0.467838487838027
16,home,40,-2.5984772071381,0.797228663390428
16,import,40,-3.0305977486677,0.441243089849922
17,home,40,-1.52704273526662,1.35720788299588
17,import,40,-1.45733004410046,0.822287824030055
18,home,40,-1.66985028486416,1.3297134590516
18,import,40,-1.68061900193712,0.763394848942308
19,home,40,-1.8532912290574,1.22334336695524
19,import,40,-1.28165935692229,0.740100950210662
20,home,40,-1.76039188877652,1.55969734632218
20,import,40,-0.953278455538619,0.853952556323812
21,home,40,-1.75862207565081,1.539700987118
21,import,40,-0.746737902275782,0.911586247815973
22,home,40,-1.83162650242584,1.80323525714917
22,import,40,-0.585190250328016,0.885702762932853
23,home,40,-1.82923377796448,2.01386408561033
23,import,40,-0.469500817305382,0.901923091113892
24,home,40,-1.69631690297193,2.14853582923641
24,import,40,-0.230117629452386,0.962150482610889
25,home,40,-1.67192765029298,2.28963673129144
25,import,40,0.00748848342387871,0.97775597654243
26,home,40,-1.59433514315459,2.53549755776267
26,import,40,0.23958681182077,1.03874360514602
27,home,40,-1.52314186267404,2.80979831084802
27,import,40,0.477153827660111,1.13852347066674
28,home,40,-1.43978346988868,2.97052108964853
28,import,40,0.681737653652127,1.10812037394615
29,home,40,-1.41293295751865,3.01009142941566
29,import,40,0.903540840139086,1.02014984858725
30,home,40,-1.43625920296854,3.31949922707882
30,import,40,1.12160928143886,1.03482282051305
31,home,40,-1.42164284749816,3.22473150383363
31,import,40,1.26221643717103,1.02090675402887
32,home,40,-1.37180239062028,3.61415805733207
32,import,40,1.42551331827528,1.09857286712203
33,home,40,-1.3911955234202,3.73054815985402
33,import,40,1.58707592344746,0.960560915387201
34,home,40,-1.35067018128733,3.83629757359037
34,import,40,1.78861132191022,1.05105565427775
35,home,40,-1.34343889076754,4.15492317093782
35,import,40,1.88764546496851,1.05463127324727
36,home,40,-1.32274120510201,4.38853370277172
36,import,40,1.96615772597871,1.08082937001054
37,home,40,-1.32409823706519,4.58795947172249
37,import,40,2.06237129972578,1.07816328245745
38,home,40,-1.32593374878572,4.65531998951703
38,import,40,2.11129271762383,1.0334337087763
39,home,40,-0.00577727906916461,0.0858317349499234
39,import,40,0.068997735069942,0.122331756758785
40,home,40,-0.00824287446658172,-0.130245032220549
40,import,40,-0.00786296839481901,-0.129470276930727
