Generation  QtnModel     AdditGenicVar1 DominGenicVar1 TotalGenicVar1 AdditGeneticVar1 DominGeneticVar1 TotalGeneticVar1                                                                                                                                                                                                                                                                                                                                                                                                                                                                                                                                                                                                                                                                                                                                                                                                                                                                                                                                                                                                                                                                                                                                                                                                                                                                                                                                                                                                                                    
         1         1        2.8436120708        0.0000000000        2.8436120708        2.9745195357        0.0000000000        2.9745195357
         1         2        1.9720405644        0.0000000000        1.9720405644        1.9225446611        0.0000000000        1.9225446611
         2         1        2.8284689749        0.0000000000        2.8284689749        2.7380380162        0.0000000000        2.7380380162
         2         2        1.9597006401        0.0000000000        1.9597006401        1.9852228226        0.0000000000        1.9852228226
         3         1        2.8124624553        0.0000000000        2.8124624553        2.6641206324        0.0000000000        2.6641206324
         3         2        1.9649364541        0.0000000000        1.9649364541        1.9838902366        0.0000000000        1.9838902366
         4         1        2.7859754208        0.0000000000        2.7859754208        2.5932795408        0.0000000000        2.5932795408
         4         2        1.9466684218        0.0000000000        1.9466684218        1.7675329323        0.0000000000        1.7675329323
         5         1        2.7552984308        0.0000000000        2.7552984308        2.3469490386        0.0000000000        2.3469490386
         5         2        1.9302966556        0.0000000000        1.9302966556        1.8097298178        0.0000000000        1.8097298178
         6         1        2.7200267345        0.0000000000        2.7200267345        2.5627644137        0.0000000000        2.5627644137
         6         2        1.9081364326        0.0000000000        1.9081364326        1.6523199313        0.0000000000        1.6523199313
         7         1        2.7112898593        0.0000000000        2.7112898593        2.8529450861        0.0000000000        2.8529450861
         7         2        1.9019841529        0.0000000000        1.9019841529        1.7678469147        0.0000000000        1.7678469147
         8         1        2.6933198427        0.0000000000        2.6933198427        3.3254259591        0.0000000000        3.3254259591
         8         2        1.8871457061        0.0000000000        1.8871457061        1.7976196132        0.0000000000        1.7976196132
         9         1        2.6775328418        0.0000000000        2.6775328418        2.8922866668        0.0000000000        2.8922866668
         9         2        1.8763960573        0.0000000000        1.8763960573        1.7403085189        0.0000000000        1.7403085189
        10         1        2.6511598819        0.0000000000        2.6511598819        2.8624615117        0.0000000000        2.8624615117
        10         2        1.8516188452        0.0000000000        1.8516188452        1.8078890555        0.0000000000        1.8078890555
        11         1        2.6404748470        0.0000000000        2.6404748470        2.5799044483        0.0000000000        2.5799044483
        11         2        1.8447566490        0.0000000000        1.8447566490        1.8788166618        0.0000000000        1.8788166618
        12         1        2.6134787626        0.0000000000        2.6134787626        2.8206134413        0.0000000000        2.8206134413
        12         2        1.8343972845        0.0000000000        1.8343972845        1.8629976800        0.0000000000        1.8629976800
        13         1        2.5987211110        0.0000000000        2.5987211110        2.8053753622        0.0000000000        2.8053753622
        13         2        1.8239761722        0.0000000000        1.8239761722        1.8886068004        0.0000000000        1.8886068004
        14         1        2.5865160394        0.0000000000        2.5865160394        2.6929934997        0.0000000000        2.6929934997
        14         2        1.8180881220        0.0000000000        1.8180881220        1.6271396496        0.0000000000        1.6271396496
        15         1        2.5705554144        0.0000000000        2.5705554144        2.6947063842        0.0000000000        2.6947063842
        15         2        1.8218869078        0.0000000000        1.8218869078        1.6312799222        0.0000000000        1.6312799222
        16         1        2.5410666434        0.0000000000        2.5410666434        2.6278296880        0.0000000000        2.6278296880
        16         2        1.8045989975        0.0000000000        1.8045989975        1.6422696600        0.0000000000        1.6422696600
        17         1        2.5184850052        0.0000000000        2.5184850052        2.5349239615        0.0000000000        2.5349239615
        17         2        1.7772791968        0.0000000000        1.7772791968        1.5642175333        0.0000000000        1.5642175333
        18         1        2.5038440494        0.0000000000        2.5038440494        2.6259442972        0.0000000000        2.6259442972
        18         2        1.7607967307        0.0000000000        1.7607967307        1.5686091235        0.0000000000        1.5686091235
        19         1        2.4806868173        0.0000000000        2.4806868173        2.4264862736        0.0000000000        2.4264862736
        19         2        1.7506148477        0.0000000000        1.7506148477        1.4843813284        0.0000000000        1.4843813284
        20         1        2.4715387804        0.0000000000        2.4715387804        2.7906687330        0.0000000000        2.7906687330
        20         2        1.7390074205        0.0000000000        1.7390074205        1.6303920570        0.0000000000        1.6303920570
        21         1        2.5501058158        0.0000000000        2.5501058158        2.2793693563        0.0000000000        2.2793693563
        21         2        1.7991060581        0.0000000000        1.7991060581        1.7298102073        0.0000000000        1.7298102073
        22         1        2.5377387108        0.0000000000        2.5377387108        2.2437601891        0.0000000000        2.2437601891
        22         2        1.7914893357        0.0000000000        1.7914893357        1.7094983324        0.0000000000        1.7094983324
        23         1        2.5390743051        0.0000000000        2.5390743051        2.2465772446        0.0000000000        2.2465772446
        23         2        1.7912526840        0.0000000000        1.7912526840        1.6810676416        0.0000000000        1.6810676416
        24         1        2.5330119695        0.0000000000        2.5330119695        2.5204245157        0.0000000000        2.5204245157
        24         2        1.7840770469        0.0000000000        1.7840770469        1.7261229515        0.0000000000        1.7261229515
        25         1        2.5276814154        0.0000000000        2.5276814154        2.4857086474        0.0000000000        2.4857086474
        25         2        1.7778684016        0.0000000000        1.7778684016        1.6589405872        0.0000000000        1.6589405872
        26         1        2.5191011178        0.0000000000        2.5191011178        2.4061625834        0.0000000000        2.4061625834
        26         2        1.7675093891        0.0000000000        1.7675093891        1.7470816346        0.0000000000        1.7470816346
        27         1        2.5170566755        0.0000000000        2.5170566755        2.3913494503        0.0000000000        2.3913494503
        27         2        1.7609195727        0.0000000000        1.7609195727        1.7203866183        0.0000000000        1.7203866183
        28         1        2.5174417928        0.0000000000        2.5174417928        2.5887948451        0.0000000000        2.5887948451
        28         2        1.7639528316        0.0000000000        1.7639528316        1.7431751753        0.0000000000        1.7431751753
        29         1        2.5160938042        0.0000000000        2.5160938042        2.5203609378        0.0000000000        2.5203609378
        29         2        1.7633384735        0.0000000000        1.7633384735        1.7882016831        0.0000000000        1.7882016831
        30         1        2.5169276528        0.0000000000        2.5169276528        2.5275462139        0.0000000000        2.5275462139
        30         2        1.7651170420        0.0000000000        1.7651170420        1.7279370254        0.0000000000        1.7279370254
        31         1        2.5147530518        0.0000000000        2.5147530518        2.4742895036        0.0000000000        2.4742895036
        31         2        1.7637361906        0.0000000000        1.7637361906        1.6695520403        0.0000000000        1.6695520403
        32         1        2.5130675449        0.0000000000        2.5130675449        2.5331606357        0.0000000000        2.5331606357
        32         2        1.7642323457        0.0000000000        1.7642323457        1.7358213821        0.0000000000        1.7358213821
        33         1        2.5123470878        0.0000000000        2.5123470878        2.6465452033        0.0000000000        2.6465452033
        33         2        1.7617482098        0.0000000000        1.7617482098        1.7280369533        0.0000000000        1.7280369533
        34         1        2.5113882836        0.0000000000        2.5113882836        2.5775625565        0.0000000000        2.5775625565
        34         2        1.7652575745        0.0000000000        1.7652575745        1.7116451634        0.0000000000        1.7116451634
        35         1        2.5091385283        0.0000000000        2.5091385283        2.6518913839        0.0000000000        2.6518913839
        35         2        1.7583457014        0.0000000000        1.7583457014        1.7447587443        0.0000000000        1.7447587443
        36         1        2.5057317725        0.0000000000        2.5057317725        2.7144415965        0.0000000000        2.7144415965
        36         2        1.7582858823        0.0000000000        1.7582858823        1.6877880354        0.0000000000        1.6877880354
        37         1        2.5012546364        0.0000000000        2.5012546364        2.7227861004        0.0000000000        2.7227861004
        37         2        1.7533399306        0.0000000000        1.7533399306        1.7390910772        0.0000000000        1.7390910772
        38         1        2.5015095812        0.0000000000        2.5015095812        2.4154647475        0.0000000000        2.4154647475
        38         2        1.7540111234        0.0000000000        1.7540111234        1.7566957868        0.0000000000        1.7566957868
        39         1        2.4980938353        0.0000000000        2.4980938353        2.5888945535        0.0000000000        2.5888945535
        39         2        1.7523907626        0.0000000000        1.7523907626        1.7867452905        0.0000000000        1.7867452905
        40         1        2.4933543610        0.0000000000        2.4933543610        2.6855210047        0.0000000000        2.6855210047
        40         2        1.7491591850        0.0000000000        1.7491591850        1.8436038694        0.0000000000        1.8436038694
